0 0.530029 0.290871 0.093262 0.176014
0 0.634521 0.289081 0.102051 0.190334
0 0.748291 0.290573 0.106934 0.187351
0 0.872803 0.285203 0.113770 0.193317
0 0.524170 0.485382 0.086426 0.161695
0 0.625244 0.494033 0.088379 0.162291
0 0.725342 0.498210 0.093262 0.170644
0 0.841309 0.505370 0.097656 0.184964
0 0.412354 0.292363 0.100098 0.178998
0 0.321777 0.296539 0.085938 0.164678
0 0.234863 0.297733 0.079102 0.156325
0 0.150879 0.303699 0.083984 0.150358
0 0.070801 0.307876 0.085938 0.164678
0 0.096191 0.465394 0.072266 0.133652
0 0.178955 0.471360 0.069824 0.133652
0 0.255615 0.475239 0.069824 0.130668
0 0.336914 0.488067 0.083984 0.127685
0 0.427490 0.489558 0.069824 0.147375
0 0.520752 0.651551 0.083496 0.158711
0 0.612549 0.664379 0.081543 0.155728
0 0.713623 0.678699 0.088379 0.161695
0 0.817139 0.688544 0.086426 0.170644
0 0.924072 0.690036 0.100098 0.161695
0 0.425293 0.648866 0.083984 0.147375
0 0.339355 0.636038 0.079102 0.139618
0 0.265869 0.630370 0.076660 0.139021
0 0.191650 0.624702 0.067871 0.133652
0 0.120605 0.618735 0.079102 0.133652
