0 0.745208 0.252593 0.162083 0.127407
0 0.748958 0.363704 0.159583 0.094815
0 0.747500 0.464815 0.166667 0.098519
0 0.748958 0.567407 0.159583 0.106667
0 0.750000 0.670370 0.148333 0.099259
0 0.743125 0.787778 0.171250 0.128148
0 0.572917 0.250741 0.150833 0.123704
0 0.576458 0.364074 0.143750 0.086667
0 0.574167 0.471111 0.148333 0.094815
0 0.572917 0.569630 0.136667 0.102222
0 0.571875 0.678889 0.138750 0.098519
0 0.569583 0.791852 0.157500 0.120000
0 0.402917 0.261111 0.157500 0.135556
0 0.402708 0.388519 0.152917 0.094074
0 0.417708 0.485185 0.173750 0.099259
0 0.402708 0.575926 0.143750 0.082222
0 0.415625 0.662222 0.159583 0.090370
0 0.408542 0.775185 0.159583 0.135556
0 0.242083 0.257037 0.145833 0.111111
0 0.244375 0.370000 0.150417 0.107407
0 0.244167 0.472963 0.145833 0.098519
0 0.246458 0.563333 0.164583 0.107407
0 0.239583 0.662222 0.160000 0.090370
0 0.240833 0.791852 0.166667 0.127407
0 0.072917 0.257037 0.136667 0.094815
0 0.075417 0.365926 0.150000 0.090370
0 0.076458 0.466667 0.138750 0.094815
0 0.077500 0.567407 0.145833 0.106667
0 0.075208 0.676667 0.141250 0.070370
0 0.079792 0.781481 0.141250 0.122963
