0 0.219238 0.273270 0.200195 0.089499
0 0.216797 0.500000 0.205078 0.077566
0 0.814941 0.491050 0.229492 0.083532
0 0.502441 0.264320 0.209961 0.071599
0 0.817383 0.255370 0.205078 0.089499
1 0.512207 0.368735 0.219727 0.089499
1 0.495117 0.497017 0.205078 0.071599
1 0.829590 0.389618 0.219727 0.071599
0 0.211914 0.383652 0.214844 0.059666
0 0.500000 0.610382 0.205078 0.071599
0 0.822266 0.598449 0.214844 0.083532
0 0.814941 0.723747 0.219727 0.083532
0 0.822266 0.828162 0.234375 0.077566
0 0.829590 0.941527 0.219727 0.089499
0 0.509766 0.723747 0.214844 0.059666
0 0.216797 0.613365 0.205078 0.089499
0 0.224121 0.717780 0.200195 0.059666
0 0.236328 0.831146 0.205078 0.083532
0 0.246094 0.935561 0.214844 0.077566
0 0.512207 0.819212 0.180664 0.071599
0 0.509766 0.941527 0.195312 0.089499
