0 0.427490 0.352029 0.106934 0.247017
0 0.546387 0.354714 0.116211 0.258353
0 0.678711 0.356205 0.144531 0.278043
0 0.844971 0.363067 0.169434 0.315632
0 0.839111 0.679893 0.148926 0.301313
0 0.683350 0.653043 0.144043 0.281026
0 0.553223 0.636038 0.121094 0.258950
0 0.441650 0.613365 0.102051 0.230310
0 0.319580 0.363067 0.100098 0.218974
0 0.333496 0.596360 0.104492 0.213007
0 0.233643 0.356205 0.081543 0.187351
0 0.252197 0.576074 0.081543 0.190334
0 0.153320 0.354415 0.074219 0.178998
0 0.177734 0.552208 0.072266 0.181981
0 0.103271 0.543556 0.062988 0.164678
0 0.083496 0.353222 0.069336 0.170644
