0 0.223571 0.286429 0.118571 0.170000
0 0.348571 0.301429 0.114286 0.194286
0 0.465000 0.284286 0.104286 0.165714
0 0.582143 0.286429 0.124286 0.178571
0 0.709286 0.285000 0.132857 0.181429
0 0.225000 0.455714 0.115714 0.165714
0 0.344286 0.470714 0.122857 0.144286
0 0.464286 0.462857 0.122857 0.182857
0 0.587857 0.465000 0.127143 0.178571
0 0.710000 0.456429 0.122857 0.178571
0 0.222857 0.625714 0.125714 0.168571
0 0.339286 0.625000 0.118571 0.167143
0 0.461429 0.623571 0.117143 0.178571
0 0.586429 0.625714 0.121429 0.174286
0 0.708571 0.623571 0.122857 0.170000
